#n time (seconds)
1000 9.999668932844945e-06
10000 9.167261039231114e-05
100000 0.0008991213465261614
1000000 0.008335511999162422
10000000 0.050443788000848144
50000000 0.12099327699979767
100000000 0.15236243599792942
200000000 0.21317349300079513
300000000 0.27599514700705186
400000000 0.33998234900354873
1000000000 0.6818497240019497
2000000000 1.2458708429912804
3000000000 1.7789631179912249
4000000000 2.310697248991346
5000000000 2.809482886994374
6000000000 3.338349138997728
7000000000 3.847873509992496
8000000000 4.3607585489953635
